Distance Matrix: (sequence names are omitted for ease of formatting)
        a       b       c       d       e       f       g       h       i       j       k       l       m
a       0.00    3.33    28.33   27.50   30.00   23.33   28.33   24.17   23.33   21.67   25.83   21.67   22.50
b       3.33    0.00    27.19   28.95   32.46   24.56   30.70   26.32   25.44   20.18   28.07   23.68   23.68
c       28.33   27.19   0.00    30.00   32.50   31.67   28.33   26.67   22.50   29.17   25.83   29.17   30.00
d       27.50   28.95   30.00   0.00    23.33   22.50   31.67   27.50   22.50   28.33   29.17   25.00   17.50
e       30.00   32.46   32.50   23.33   0.00    30.83   20.00   25.00   26.67   30.00   21.67   25.00   25.83
f       23.33   24.56   31.67   22.50   30.83   0.00    26.67   20.00   23.33   23.33   30.00   24.17   27.50
g       28.33   30.70   28.33   31.67   20.00   26.67   0.00    28.33   37.50   28.33   27.50   32.50   29.17
h       24.17   26.32   26.67   27.50   25.00   20.00   28.33   0.00    30.00   23.33   20.83   24.17   32.50
i       23.33   25.44   22.50   22.50   26.67   23.33   37.50   30.00   0.00    25.00   27.50   27.50   29.17
j       21.67   20.18   29.17   28.33   30.00   23.33   28.33   23.33   25.00   0.00    27.50   23.33   27.50
k       25.83   28.07   25.83   29.17   21.67   30.00   27.50   20.83   27.50   27.50   0.00    28.33   34.17
l       21.67   23.68   29.17   25.00   25.00   24.17   32.50   24.17   27.50   23.33   28.33   0.00    31.67
m       22.50   23.68   30.00   17.50   25.83   27.50   29.17   32.50   29.17   27.50   34.17   31.67   0.00

(((((((II_516890-:1.67,II_516892-:1.67):8.79,XV_109615+:10.46):1.04,XV_960561-:11.50):0.53,(VII_1061768+:10.00,XIII_159261+:10.00):2.03):1.73,(V_250533+:8.75,XVI_864802+:8.75):5.02):0.14,(IV_414421-:11.25,XIV_503315-:11.25):2.65):0.48,((VII_212524+:10.00,VIII_406910-:10.00):2.29,XV_907468-:12.29):2.09):0.00;
